---
run_type: image
image_width: 1920
image_height: 1080
center_x: -0.74635302050001
center_y: 0.0985370499678
x_lines: -0.74635302050001
y_lines: 0.0985370499678
scale: 0.000000000000001
