---
run_type: video
image_width: 1920
image_height: 1080
center_x: -0.74635302050001
center_y: 0.0985370499678
scale: 0.000000000000001
zoom_time: 20.0
frames_per_second: 30
